3.220682678222656250e+02
3.230817260742187500e+02
3.250382995605468750e+02
3.260517578125000000e+02
3.280082397460937500e+02
3.290217590332031250e+02
3.309782714843750000e+02
3.319917907714843750e+02
3.339482727050781250e+02
3.349617919921875000e+02
3.369183044433593750e+02
3.379317626953125000e+02
3.398882751464843750e+02
3.409017639160156250e+02
3.428582763671875000e+02
3.438717956542968750e+02
3.458282470703125000e+02
3.468417358398437500e+02
3.487982482910156250e+02
3.498117675781250000e+02
3.517682800292968750e+02
3.527817687988281250e+02
3.547382202148437500e+02
3.557518005371093750e+02
3.577082519531250000e+02
3.587218017578125000e+02
3.606782531738281250e+02
3.616917724609375000e+02
3.676990051269531250e+02
3.731490478515625000e+02
3.785989990234375000e+02
3.840490417480468750e+02
3.894990234375000000e+02
3.949490051269531250e+02
4.003990478515625000e+02
4.058489990234375000e+02
4.112491455078125000e+02
4.166824951171875000e+02
4.221324768066406250e+02
4.275825195312500000e+02
4.360992431640625000e+02
4.446824951171875000e+02
4.532325134277343750e+02
4.617825012207031250e+02
4.702992553710937500e+02
4.788492431640625000e+02
4.874324951171875000e+02
4.959825134277343750e+02
5.045325012207031250e+02
5.130491943359375000e+02
